<?xml version="1.0"?>
<opencv_storage>
<camera_matrix type_id="opencv-matrix">
  <rows>3</rows>
  <cols>3</cols>
  <dt>d</dt>
  <data>
    9.8918485717776582e+02 0. 6.6784090179548093e+02 0.
    9.9445044085200516e+02 4.0391249559458828e+02 0. 0. 1.</data></camera_matrix>
<distortion_coefficients type_id="opencv-matrix">
  <rows>1</rows>
  <cols>5</cols>
  <dt>d</dt>
  <data>
    1.9411721918120281e-01 -1.8333569965722736e+00
    1.2310441061560594e-02 9.3705284873969782e-03 4.0070696867360018e+00</data></distortion_coefficients>
</opencv_storage>
