<?xml version="1.0"?>
<opencv_storage>
<camera_matrix type_id="opencv-matrix">
  <rows>3</rows>
  <cols>3</cols>
  <dt>d</dt>
  <data>
    1.0063013388867183e+03 0. 5.9303199993716964e+02 0.
    1.0150510419783639e+03 3.3402000968943867e+02 0. 0. 1.</data></camera_matrix>
<distortion_coefficients type_id="opencv-matrix">
  <rows>1</rows>
  <cols>5</cols>
  <dt>d</dt>
  <data>
    -2.1740792451099156e-01 6.0635800592411195e+00
    -1.0892939354337454e-02 -1.3320034256713950e-02
    -4.4037584413355461e+01</data></distortion_coefficients>
</opencv_storage>